ENCAMPMENT0
[[10.629852275320198, 76.24825919985105], [10.573822450848246, 76.26204278249902], [10.560997453634897, 76.31903435522341], [10.538239600760495, 76.25839169697608]]
******************

ENCAMPMENT1
[[10.599521450009718, 76.1563426697683], [10.641628150414412, 76.16075371982741], [10.600820692946632, 76.21912744159215], [10.581361635793892, 76.226992134517]]
******************

ENCAMPMENT2
[[10.537371057194926, 76.08866480523524], [10.523531897731559, 76.10377100523445], [10.486399379657803, 76.10548761887074], [10.508341861632138, 76.14462640977774], [10.548846961898706, 76.15046289614112], [10.56513219756627, 76.17584016821229]]
******************

ENCAMPMENT3
[[10.491800750489483, 76.14943292795934], [10.442509752533471, 76.15904596432252], [10.453313929069735, 76.18548181432114], [10.419211969873125, 76.22118737795562], [10.511982546843967, 76.1756385516155]]
******************

ENCAMPMENT4
[[10.438458089748426, 76.25242974613589], [10.460403965817047, 76.25483300522663], [10.423939197351807, 76.26341607340802], [10.453989177936963, 76.2984349915881], [10.51779352800378, 76.31319786886009], [10.423601540818648, 76.31869103249619], [10.457365398773572, 76.32418419613222], [10.486736968721551, 76.34341026885858], [10.495365311353623, 76.22665174700253]]
******************

